% This Function Returns Measured Terminal Voltage while Charging in Usable Range 
% Each Data`s Time Interval is 10 second (1732 Data)

function Vt_CHG = Charge_Data_0_2C_10s(step)

voltage = [3.05205
3.05644
3.06084
3.06487
3.06889
3.07329
3.07768
3.08135
3.08537
3.0883
3.0927
3.09673
3.10039
3.10369
3.10735
3.11101
3.11394
3.11724
3.12053
3.12419
3.12749
3.13079
3.13335
3.13628
3.14031
3.14287
3.1458
3.14873
3.15129
3.15422
3.15715
3.15972
3.16228
3.16521
3.16741
3.1707
3.17327
3.17583
3.17803
3.18059
3.18279
3.18572
3.18791
3.19011
3.19304
3.19487
3.19707
3.19963
3.20146
3.20403
3.20586
3.20806
3.20989
3.21209
3.21428
3.21648
3.21868
3.22051
3.22271
3.22417
3.226
3.2282
3.23003
3.23149
3.23406
3.23552
3.23772
3.23919
3.24065
3.24248
3.24358
3.24578
3.24688
3.24907
3.24981
3.25164
3.25237
3.25383
3.2553
3.2564
3.2564
3.2575
3.25859
3.25896
3.25933
3.26006
3.26043
3.26079
3.26116
3.26152
3.26189
3.26226
3.26226
3.26262
3.26262
3.26299
3.26336
3.26336
3.26372
3.26409
3.26372
3.26372
3.26482
3.26445
3.26445
3.26482
3.26409
3.26482
3.26445
3.26482
3.26482
3.26482
3.26519
3.26555
3.26519
3.26519
3.26519
3.26555
3.26555
3.26555
3.26519
3.26592
3.26555
3.26592
3.26592
3.26592
3.26665
3.26629
3.26665
3.26629
3.26629
3.26665
3.26665
3.26665
3.26665
3.26665
3.26738
3.26702
3.26738
3.26738
3.26738
3.26738
3.26775
3.26775
3.26812
3.26812
3.26812
3.26775
3.26775
3.26775
3.26848
3.26848
3.26848
3.26885
3.26885
3.26885
3.26921
3.26921
3.26921
3.26958
3.26958
3.26958
3.26995
3.26995
3.26995
3.27031
3.26995
3.27031
3.27031
3.27105
3.27068
3.27105
3.27141
3.27141
3.27178
3.27178
3.27178
3.27214
3.27214
3.27251
3.27288
3.27288
3.27288
3.27324
3.27324
3.27361
3.27434
3.27361
3.27434
3.27398
3.27398
3.27471
3.27507
3.27544
3.27544
3.27581
3.27617
3.27617
3.27654
3.27691
3.27691
3.27764
3.27727
3.27764
3.27837
3.27837
3.27874
3.27874
3.2791
3.27947
3.2802
3.2802
3.28057
3.2813
3.28093
3.2813
3.28167
3.28167
3.2824
3.28313
3.28276
3.2835
3.2835
3.2835
3.28423
3.2846
3.28496
3.28533
3.28496
3.28606
3.28643
3.28716
3.28679
3.28716
3.28789
3.28826
3.28899
3.28862
3.28862
3.28936
3.28972
3.28972
3.29046
3.29082
3.29119
3.29119
3.29192
3.29229
3.29229
3.29265
3.29302
3.29375
3.29412
3.29412
3.29448
3.29485
3.29522
3.29558
3.29595
3.29631
3.29668
3.29705
3.29741
3.29815
3.29815
3.29851
3.29888
3.29888
3.29961
3.29961
3.30071
3.30071
3.30071
3.30108
3.30217
3.30181
3.30254
3.30254
3.30254
3.30364
3.30401
3.30401
3.30401
3.30437
3.30474
3.30547
3.30547
3.30584
3.30657
3.30657
3.30694
3.3073
3.3073
3.30803
3.30803
3.3084
3.30877
3.30913
3.3095
3.31023
3.3106
3.3106
3.3117
3.31133
3.3117
3.31243
3.31243
3.31279
3.31353
3.31353
3.31389
3.31389
3.31426
3.31463
3.31499
3.31536
3.31536
3.31572
3.31572
3.31646
3.31646
3.31682
3.31719
3.31756
3.31792
3.31792
3.31865
3.31829
3.31865
3.31865
3.31902
3.31902
3.31975
3.32012
3.32012
3.32049
3.32049
3.32049
3.32085
3.32158
3.32122
3.32232
3.32232
3.32232
3.32268
3.32341
3.32341
3.32378
3.32378
3.32415
3.32415
3.32415
3.32451
3.32488
3.32561
3.32561
3.32561
3.32598
3.32671
3.32671
3.32744
3.32744
3.32744
3.32818
3.32891
3.32854
3.32891
3.32927
3.32891
3.33001
3.33001
3.33037
3.33074
3.33074
3.33111
3.33147
3.33184
3.33184
3.3322
3.33257
3.33294
3.33294
3.3333
3.33367
3.33404
3.33404
3.3344
3.33477
3.33513
3.3355
3.33587
3.3355
3.33623
3.3366
3.3366
3.3366
3.33733
3.33733
3.3377
3.33733
3.33806
3.33806
3.33843
3.33843
3.3388
3.33916
3.3388
3.33916
3.33953
3.33953
3.33989
3.33989
3.34063
3.34026
3.34063
3.34063
3.34063
3.34099
3.34136
3.34136
3.34173
3.34173
3.34173
3.34246
3.34209
3.34246
3.34319
3.34319
3.34319
3.34356
3.34356
3.34392
3.34356
3.34392
3.34392
3.34392
3.34429
3.34392
3.34429
3.34502
3.34466
3.34502
3.34502
3.34539
3.34539
3.34502
3.34539
3.34575
3.34539
3.34612
3.34575
3.34649
3.34612
3.34649
3.34612
3.34649
3.34649
3.34649
3.34722
3.34685
3.34685
3.34722
3.34759
3.34722
3.34759
3.34795
3.34722
3.34759
3.34759
3.34795
3.34832
3.34832
3.34832
3.34832
3.34868
3.34832
3.34905
3.34905
3.34868
3.34905
3.34942
3.34905
3.34905
3.34942
3.34942
3.34942
3.34942
3.34942
3.34942
3.34942
3.34978
3.34978
3.35015
3.35015
3.34978
3.35015
3.35015
3.35015
3.34978
3.35015
3.35015
3.35015
3.35015
3.35051
3.35051
3.35051
3.35015
3.35088
3.35088
3.35051
3.35088
3.35088
3.35051
3.35088
3.35088
3.35088
3.35125
3.35088
3.35125
3.35125
3.35125
3.35125
3.35161
3.35088
3.35125
3.35125
3.35125
3.35125
3.35161
3.35125
3.35125
3.35088
3.35125
3.35125
3.35161
3.35125
3.35161
3.35198
3.35125
3.35161
3.35125
3.35198
3.35161
3.35125
3.35198
3.35198
3.35161
3.35161
3.35198
3.35198
3.35198
3.35235
3.35161
3.35161
3.35125
3.35161
3.35198
3.35235
3.35198
3.35198
3.35161
3.35161
3.35198
3.35198
3.35198
3.35198
3.35198
3.35198
3.35235
3.35198
3.35198
3.35235
3.35235
3.35198
3.35198
3.35198
3.35198
3.35161
3.35235
3.35235
3.35235
3.35235
3.35198
3.35198
3.35235
3.35235
3.35235
3.35235
3.35235
3.35271
3.35198
3.35235
3.35235
3.35235
3.35235
3.35235
3.35235
3.35235
3.35271
3.35235
3.35235
3.35271
3.35271
3.35235
3.35271
3.35235
3.35271
3.35271
3.35235
3.35235
3.35235
3.35235
3.35271
3.35271
3.35271
3.35271
3.35271
3.35271
3.35271
3.35235
3.35271
3.35271
3.35271
3.35271
3.35271
3.35271
3.35235
3.35271
3.35235
3.35271
3.35308
3.35235
3.35308
3.35271
3.35271
3.35271
3.35271
3.35271
3.35271
3.35271
3.35271
3.35271
3.35308
3.35271
3.35308
3.35271
3.35308
3.35308
3.35271
3.35308
3.35271
3.35271
3.35271
3.35271
3.35308
3.35271
3.35235
3.35271
3.35308
3.35308
3.35271
3.35271
3.35308
3.35308
3.35271
3.35308
3.35308
3.35271
3.35308
3.35344
3.35308
3.35308
3.35308
3.35344
3.35308
3.35271
3.35271
3.35271
3.35308
3.35344
3.35344
3.35344
3.35308
3.35308
3.35271
3.35344
3.35344
3.35308
3.35344
3.35308
3.35308
3.35344
3.35344
3.35344
3.35308
3.35344
3.35344
3.35344
3.35344
3.35381
3.35308
3.35381
3.35344
3.35381
3.35381
3.35381
3.35344
3.35344
3.35344
3.35344
3.35344
3.35308
3.35381
3.35344
3.35344
3.35344
3.35381
3.35381
3.35344
3.35344
3.35381
3.35344
3.35381
3.35381
3.35344
3.35381
3.35381
3.35344
3.35381
3.35381
3.35418
3.35381
3.35344
3.35381
3.35344
3.35381
3.35418
3.35418
3.35381
3.35418
3.35381
3.35381
3.35418
3.35381
3.35381
3.35381
3.35418
3.35418
3.35418
3.35418
3.35418
3.35454
3.35418
3.35418
3.35454
3.35418
3.35454
3.35454
3.35454
3.35454
3.35381
3.35418
3.35454
3.35454
3.35418
3.35418
3.35454
3.35454
3.35454
3.35491
3.35454
3.35454
3.35491
3.35454
3.35454
3.35491
3.35454
3.35454
3.35454
3.35454
3.35418
3.35454
3.35491
3.35454
3.35491
3.35491
3.35491
3.35454
3.35454
3.35528
3.35528
3.35454
3.35528
3.35454
3.35454
3.35491
3.35528
3.35491
3.35491
3.35491
3.35528
3.35528
3.35528
3.35528
3.35528
3.35491
3.35564
3.35528
3.35528
3.35564
3.35564
3.35528
3.35601
3.35564
3.35564
3.35564
3.35528
3.35601
3.35564
3.35564
3.35564
3.35564
3.35601
3.35564
3.35601
3.35564
3.35601
3.35564
3.35637
3.35564
3.35601
3.35637
3.35601
3.35564
3.35637
3.35637
3.35637
3.35637
3.35637
3.35637
3.35637
3.35601
3.35637
3.35601
3.35711
3.35711
3.35637
3.35637
3.35674
3.35637
3.35674
3.35637
3.35674
3.35711
3.35711
3.35674
3.35711
3.35711
3.35747
3.35711
3.35674
3.35711
3.35674
3.35711
3.35747
3.35784
3.35711
3.35711
3.35747
3.35747
3.35784
3.35784
3.35821
3.35747
3.35784
3.35857
3.35821
3.35821
3.35821
3.35784
3.35821
3.35821
3.35857
3.35821
3.35857
3.35857
3.35857
3.35857
3.35894
3.3593
3.35894
3.35857
3.35857
3.35894
3.3593
3.3593
3.35967
3.3593
3.35967
3.35967
3.3593
3.35967
3.36004
3.35967
3.3604
3.36004
3.3604
3.36004
3.3604
3.36004
3.36077
3.36077
3.3604
3.36077
3.3604
3.36077
3.36077
3.36114
3.36077
3.36077
3.36077
3.36114
3.36077
3.36114
3.36114
3.36114
3.3615
3.3615
3.36114
3.36187
3.3615
3.36187
3.36223
3.36223
3.36187
3.36223
3.3626
3.3626
3.3626
3.3626
3.3626
3.3626
3.3626
3.36297
3.36297
3.36297
3.36297
3.36297
3.36297
3.36333
3.3637
3.3637
3.36333
3.3637
3.3637
3.3637
3.36407
3.36443
3.36407
3.36407
3.36443
3.36443
3.36443
3.3648
3.3648
3.3648
3.36443
3.3648
3.36516
3.36553
3.36516
3.36553
3.36553
3.36553
3.3659
3.3659
3.3659
3.3659
3.36663
3.36699
3.36626
3.36626
3.36663
3.36699
3.36699
