% This Function Returns Measured Terminal Voltage while discharging in Usable Range
% Each Data`s Time Interval is 5 seconds (3525 Data)

function Vt_DHG = Discharge_Data_0_2C_5s(step)

voltage = [3.45
3.42632
3.40215
3.3919
3.38384
3.37688
3.37102
3.3659
3.36114
3.35637
3.35198
3.34795
3.34466
3.34099
3.33733
3.3344
3.33074
3.32818
3.32525
3.32268
3.32012
3.31792
3.31572
3.31353
3.31206
3.31023
3.30803
3.3062
3.30474
3.30364
3.30217
3.30144
3.30034
3.29888
3.29815
3.29705
3.29595
3.29558
3.29448
3.29412
3.29302
3.29265
3.29192
3.29155
3.29119
3.29082
3.29046
3.28972
3.28936
3.28936
3.28936
3.28899
3.28899
3.28862
3.28789
3.28789
3.28789
3.28753
3.28753
3.28753
3.28753
3.28716
3.28679
3.28753
3.28643
3.28679
3.28679
3.28643
3.28643
3.28679
3.28643
3.28606
3.28606
3.28679
3.28643
3.28643
3.28606
3.28643
3.28569
3.28643
3.28606
3.28606
3.28606
3.28569
3.28569
3.28569
3.28569
3.28569
3.28569
3.28569
3.28569
3.28569
3.28569
3.28569
3.28569
3.28569
3.28569
3.28606
3.28569
3.28569
3.28569
3.28569
3.28606
3.28569
3.28569
3.28569
3.28569
3.28569
3.28569
3.28569
3.28533
3.28569
3.28533
3.28533
3.28569
3.28533
3.28533
3.28569
3.28569
3.28569
3.28569
3.28533
3.28569
3.28569
3.28569
3.28569
3.28569
3.28569
3.28569
3.28533
3.28569
3.28569
3.28533
3.28533
3.28569
3.28569
3.28533
3.28569
3.28569
3.28569
3.28533
3.28569
3.28569
3.28569
3.28569
3.28533
3.28569
3.28569
3.28569
3.28569
3.28496
3.28569
3.28569
3.28569
3.28533
3.28606
3.28533
3.28569
3.28533
3.28533
3.28533
3.28533
3.28533
3.28569
3.28569
3.28569
3.28533
3.28569
3.28606
3.28533
3.28569
3.28533
3.28569
3.28569
3.28533
3.28569
3.28569
3.28533
3.28569
3.28569
3.28533
3.28569
3.28533
3.28569
3.28569
3.28569
3.28569
3.28569
3.28569
3.28606
3.28533
3.28569
3.28569
3.28606
3.28569
3.28533
3.28569
3.28569
3.28533
3.28569
3.28533
3.28569
3.28569
3.28533
3.28569
3.28569
3.28533
3.28606
3.28569
3.28569
3.28606
3.28569
3.28606
3.28569
3.28606
3.28569
3.28569
3.28569
3.28606
3.28569
3.28569
3.28606
3.28569
3.28569
3.28569
3.28569
3.28606
3.28533
3.28569
3.28606
3.28606
3.28606
3.28569
3.28533
3.28569
3.28569
3.28569
3.28569
3.28606
3.28569
3.28569
3.28606
3.28533
3.28569
3.28569
3.28533
3.28569
3.28569
3.28569
3.28606
3.28569
3.28569
3.28569
3.28533
3.28569
3.28569
3.28606
3.28569
3.28569
3.28569
3.28606
3.28569
3.28569
3.28569
3.28569
3.28569
3.28569
3.28533
3.28606
3.28569
3.28569
3.28569
3.28533
3.28569
3.28569
3.28569
3.28569
3.28569
3.28569
3.28569
3.28606
3.28569
3.28569
3.28533
3.28533
3.28569
3.28569
3.28569
3.28569
3.28569
3.28569
3.28569
3.28569
3.28533
3.28569
3.28569
3.28569
3.28569
3.28569
3.28533
3.28606
3.28569
3.28569
3.28569
3.28569
3.28569
3.28533
3.28606
3.28569
3.28569
3.28496
3.28569
3.28569
3.28569
3.28569
3.28606
3.28533
3.28569
3.28533
3.28569
3.28569
3.28569
3.28569
3.28533
3.28569
3.28569
3.28533
3.28569
3.28569
3.28569
3.28569
3.28533
3.28606
3.28569
3.28569
3.28569
3.28606
3.28533
3.28569
3.28533
3.28569
3.28569
3.28533
3.28533
3.28569
3.28569
3.28533
3.28569
3.28569
3.28569
3.28569
3.28569
3.28569
3.28533
3.28569
3.28606
3.28569
3.28533
3.28569
3.28569
3.28533
3.28533
3.28606
3.28569
3.28533
3.28569
3.28569
3.28533
3.28533
3.28533
3.28606
3.28569
3.28533
3.28533
3.28533
3.28569
3.28569
3.28569
3.28569
3.28569
3.28569
3.28569
3.28533
3.28533
3.2846
3.2846
3.28533
3.28533
3.28533
3.28533
3.28533
3.28533
3.28569
3.28569
3.28496
3.28533
3.28496
3.28533
3.28569
3.28606
3.28533
3.28533
3.28569
3.28533
3.28496
3.28533
3.28533
3.28496
3.28569
3.28533
3.28533
3.28496
3.28533
3.28569
3.28496
3.28606
3.28533
3.28533
3.28533
3.28533
3.28496
3.28533
3.28533
3.28533
3.28533
3.28569
3.28533
3.28533
3.28569
3.28533
3.28569
3.28496
3.28496
3.28569
3.28569
3.2846
3.28496
3.28533
3.28533
3.28533
3.28569
3.28533
3.28569
3.28533
3.28533
3.28533
3.28496
3.28496
3.28496
3.28533
3.28533
3.28533
3.28533
3.28533
3.28533
3.28496
3.28496
3.28496
3.28496
3.28496
3.28533
3.28569
3.28533
3.2846
3.28496
3.28533
3.28533
3.28496
3.28496
3.28533
3.28496
3.28496
3.28533
3.28496
3.28496
3.2846
3.2846
3.28533
3.28496
3.28496
3.28496
3.28496
3.28496
3.28496
3.28496
3.2846
3.28496
3.28496
3.2846
3.28496
3.2846
3.28496
3.28496
3.28496
3.28496
3.28496
3.28496
3.2846
3.28496
3.2846
3.28496
3.2846
3.28496
3.28496
3.2846
3.2846
3.28423
3.28496
3.28496
3.2846
3.28423
3.2846
3.2846
3.2846
3.28496
3.2846
3.28423
3.28496
3.28496
3.28496
3.28496
3.28496
3.2846
3.28423
3.28423
3.28423
3.2846
3.2846
3.2846
3.2846
3.2846
3.2846
3.2846
3.2846
3.28423
3.28423
3.28423
3.28496
3.2846
3.2846
3.28423
3.28423
3.2846
3.2846
3.28423
3.2846
3.2846
3.28423
3.2846
3.2846
3.28496
3.2846
3.28496
3.28423
3.28423
3.28423
3.2846
3.28423
3.28423
3.28423
3.2846
3.28423
3.2846
3.2846
3.28423
3.28423
3.28423
3.28423
3.28423
3.28386
3.2846
3.2846
3.28423
3.28423
3.2846
3.28423
3.28386
3.28423
3.2846
3.28386
3.28386
3.28423
3.28423
3.28423
3.28423
3.28423
3.2846
3.28423
3.28423
3.28386
3.28423
3.28386
3.2846
3.28423
3.28386
3.28423
3.28386
3.28423
3.28423
3.28423
3.28423
3.28386
3.28386
3.28423
3.28386
3.28386
3.28386
3.28386
3.28423
3.28386
3.2835
3.28386
3.28386
3.28386
3.28423
3.28386
3.28423
3.28386
3.28423
3.28386
3.28386
3.2835
3.28423
3.28423
3.28386
3.2835
3.28386
3.28386
3.2835
3.2835
3.28386
3.28386
3.28386
3.28386
3.2835
3.2835
3.28386
3.28386
3.28313
3.28386
3.2835
3.28386
3.28386
3.28386
3.2835
3.28386
3.2835
3.2835
3.28386
3.28313
3.2835
3.2835
3.28313
3.28313
3.28386
3.28386
3.2835
3.2835
3.28386
3.28313
3.28386
3.2835
3.28313
3.28386
3.28313
3.2835
3.2835
3.28313
3.28313
3.28313
3.28313
3.28313
3.2835
3.2835
3.2835
3.28313
3.2835
3.28313
3.28313
3.28386
3.2835
3.28313
3.2835
3.28313
3.28313
3.2835
3.28313
3.2835
3.2835
3.2835
3.28313
3.28313
3.28313
3.2835
3.28313
3.28313
3.28276
3.28313
3.28313
3.28276
3.28276
3.28313
3.28276
3.28276
3.28313
3.28313
3.28313
3.28276
3.2835
3.28313
3.28276
3.28313
3.28276
3.28313
3.28276
3.28313
3.28276
3.28313
3.28276
3.28313
3.28276
3.28313
3.28276
3.28276
3.28313
3.28313
3.28276
3.28276
3.28276
3.28276
3.28276
3.28276
3.28276
3.28276
3.28276
3.28276
3.28276
3.2824
3.28313
3.2824
3.28276
3.28276
3.2824
3.2824
3.28276
3.2824
3.28276
3.2824
3.28203
3.28276
3.2824
3.2824
3.2824
3.2824
3.2824
3.28276
3.28276
3.2824
3.2824
3.2824
3.2824
3.28203
3.2824
3.2824
3.2824
3.2824
3.28203
3.28203
3.2824
3.28203
3.28203
3.2824
3.2824
3.28203
3.28203
3.2824
3.2824
3.28203
3.2824
3.28276
3.28203
3.28203
3.2824
3.28203
3.28203
3.28203
3.28203
3.28203
3.28167
3.28167
3.28203
3.28203
3.28167
3.28203
3.28203
3.28167
3.28203
3.28203
3.2813
3.28167
3.28167
3.28203
3.2813
3.28203
3.28093
3.2813
3.28167
3.28167
3.28167
3.28203
3.28167
3.28167
3.28167
3.28167
3.28167
3.28203
3.28167
3.28167
3.2813
3.28167
3.28167
3.28167
3.2813
3.2813
3.2813
3.2813
3.2813
3.2813
3.2813
3.28167
3.28167
3.28167
3.2813
3.2813
3.28093
3.2813
3.2813
3.2813
3.2813
3.28093
3.28167
3.28093
3.2813
3.2813
3.2813
3.28093
3.28093
3.2813
3.2813
3.28093
3.2813
3.2813
3.28093
3.28093
3.28057
3.28093
3.28093
3.28093
3.28057
3.28057
3.28057
3.28093
3.28093
3.28057
3.28057
3.28093
3.2813
3.28093
3.2813
3.28057
3.28093
3.28057
3.28057
3.28093
3.28057
3.28057
3.2802
3.28057
3.28057
3.28093
3.2802
3.28057
3.2802
3.28057
3.28057
3.2802
3.28057
3.2802
3.27984
3.2802
3.2802
3.28057
3.2802
3.28057
3.2802
3.2802
3.2802
3.2802
3.27947
3.28057
3.2802
3.2802
3.27984
3.27984
3.2802
3.27984
3.27984
3.2802
3.27984
3.2802
3.27984
3.27984
3.27947
3.27984
3.27984
3.27984
3.27984
3.27947
3.27947
3.27947
3.27984
3.27947
3.27947
3.2791
3.27984
3.27947
3.27947
3.27947
3.27947
3.27947
3.2791
3.2791
3.2791
3.2791
3.2791
3.2791
3.2791
3.2791
3.2791
3.2791
3.2791
3.2791
3.2791
3.27874
3.27874
3.2791
3.27874
3.2791
3.27837
3.27874
3.2791
3.27874
3.27874
3.27874
3.27874
3.278
3.27874
3.27874
3.27874
3.27837
3.27837
3.278
3.27874
3.278
3.27837
3.27874
3.27837
3.278
3.27764
3.27837
3.27837
3.278
3.27837
3.278
3.278
3.278
3.27837
3.27764
3.27764
3.27764
3.27727
3.27764
3.27764
3.27764
3.27727
3.27764
3.27727
3.278
3.27727
3.27764
3.27764
3.27727
3.27727
3.27727
3.27691
3.27727
3.27727
3.27727
