% This Function stores Cell`s Charge and Discharge OCV and corresponding SOC
% OCV is in the range of usable voltage 
% This function distinguishes Charge and Discharge to apply corresponding OCV value

function Output = OCV_SOC_LUT_0_01C(Input, Case, Request)

OCV_DHG = [3.45
3.34203
3.33593
3.33165
3.3286
3.32616
3.32403
3.32219
3.32158
3.32067
3.31975
3.31945
3.31884
3.31823
3.31823
3.31792
3.31792
3.31762
3.31762
3.31731
3.31731
3.31762
3.31701
3.31731
3.31701
3.31701
3.3167
3.31701
3.31701
3.3167
3.3164
3.3167
3.3167
3.3167
3.3164
3.3167
3.3164
3.3164
3.3164
3.3164
3.3164
3.31609
3.3164
3.3164
3.3164
3.31609
3.31609
3.31609
3.31579
3.31579
3.31579
3.31579
3.31579
3.31548
3.31548
3.31579
3.31548
3.31548
3.31548
3.31548
3.31548
3.31548
3.31548
3.31548
3.31548
3.31518
3.31518
3.31548
3.31487
3.31518
3.31487
3.31518
3.31487
3.31518
3.31518
3.31518
3.31518
3.31487
3.31487
3.31487
3.31487
3.31487
3.31456
3.31487
3.31487
3.31487
3.31487
3.31456
3.31487
3.31456
3.31487
3.31456
3.31487
3.31456
3.31487
3.31456
3.31456
3.31456
3.31456
3.31487
3.31487
3.31548
3.31548
3.31548
3.31548
3.31579
3.31548
3.31579
3.31548
3.31548
3.31548
3.31548
3.31548
3.31548
3.31548
3.31518
3.31548
3.31548
3.31518
3.31518
3.31518
3.31518
3.31487
3.31518
3.31487
3.31456
3.31518
3.31487
3.31487
3.31456
3.31487
3.31487
3.31487
3.31426
3.31456
3.31487
3.31456
3.31456
3.31456
3.31426
3.31426
3.31426
3.31426
3.31426
3.31395
3.31395
3.31395
3.31426
3.31395
3.31395
3.31395
3.31395
3.31395
3.31395
3.31395
3.31365
3.31395
3.31365
3.31365
3.31365
3.31365
3.31395
3.31395
3.31395
3.31365
3.31334
3.31365
3.31365
3.31365
3.31365
3.31365
3.31304
3.31334
3.31334
3.31365
3.31334
3.31365
3.31365
3.31334
3.31365
3.31334
3.31365
3.31365
3.31365
3.31334
3.31365
3.31365
3.31334
3.31334
3.31304
3.31365
3.31334
3.31334
3.31334
3.31365
3.31334
3.31334
3.31334
3.31365
3.31304
3.31334
3.31334
3.31334
3.31334
3.31365
3.31365
3.31334
3.31334
3.31334
3.31304
3.31304
3.31334
3.31334
3.31365
3.31365
3.31334
3.31334
3.31334
3.31334
3.31304
3.31304
3.31334
3.31334
3.31304
3.31304
3.31304
3.31334
3.31304
3.31304
3.31334
3.31304
3.31304
3.31304
3.31304
3.31334
3.31334
3.31304
3.31304
3.31334
3.31334
3.31334
3.31304
3.31334
3.31304
3.31304
3.31273
3.31304
3.31304
3.31273
3.31304
3.31304
3.31304
3.31304
3.31273
3.31304
3.31304
3.31304
3.31304
3.31304
3.31273
3.31304
3.31304
3.31273
3.31273
3.31273
3.31273
3.31273
3.31273
3.31273
3.31273
3.31243
3.31304
3.31304
3.31273
3.31243
3.31243
3.31243
3.31273
3.31273
3.31273
3.31243
3.31243
3.31243
3.31243
3.31243
3.31243
3.31273
3.31243
3.31273
3.31243
3.31243
3.31243
3.31273
3.31243
3.31212
3.31243
3.31243
3.31243
3.31212
3.31243
3.31243
3.31212
3.31212
3.31243
3.31182
3.31212
3.31212
3.31243
3.31243
3.31182
3.31212
3.31182
3.31182
3.31182
3.31182
3.31182
3.31182
3.31212
3.31182
3.31182
3.31151
3.31182
3.31151
3.31151
3.31151
3.31182
3.31151
3.31151
3.31121
3.31151
3.31121
3.31151
3.31121
3.31121
3.3109
3.3109
3.31121
3.3109
3.3109
3.3109
3.3109
3.31029
3.3106
3.3106
3.3109
3.3106
3.3106
3.30999
3.30999
3.30999
3.30999
3.30938
3.30999
3.30938
3.30938
3.30907
3.30877
3.30877
3.30877
3.30846
3.30816
3.30816
3.30755
3.30755
3.30755
3.30724
3.30663
3.30632
3.30602
3.30602
3.30571
3.30541
3.30449
3.30419
3.30358
3.30327
3.30266
3.30205
3.30144
3.30053
3.29961
3.2987
3.29808
3.29717
3.29625
3.29534
3.29381
3.2932
3.29168
3.29076
3.28954
3.28862
3.28801
3.2871
3.28618
3.28557
3.28496
3.28435
3.28405
3.28283
3.28252
3.28191
3.28222
3.28161
3.2813
3.28069
3.28008
3.28008
3.27977
3.27977
3.27947
3.27916
3.27855
3.27916
3.27825
3.27825
3.27825
3.27794
3.27794
3.27733
3.27764
3.27733
3.27703
3.27733
3.27672
3.27703
3.27672
3.27672
3.27642
3.27642
3.27611
3.27611
3.27611
3.27611
3.27581
3.27611
3.27581
3.27581
3.2755
3.2752
3.2755
3.2755
3.2755
3.2752
3.2752
3.2752
3.27489
3.2752
3.2752
3.27459
3.27489
3.27459
3.27489
3.27459
3.27459
3.27428
3.27367
3.27459
3.27398
3.27398
3.27398
3.27398
3.27367
3.27428
3.27367
3.27367
3.27367
3.27367
3.27367
3.27398
3.27306
3.27337
3.27337
3.27367
3.27306
3.27337
3.27367
3.27337
3.27306
3.27337
3.27306
3.27306
3.27276
3.27306
3.27306
3.27306
3.27276
3.27306
3.27276
3.27306
3.27276
3.27276
3.27276
3.27245
3.27276
3.27306
3.27276
3.27245
3.27245
3.27276
3.27245
3.27245
3.27276
3.27245
3.27245
3.27245
3.27245
3.27245
3.27245
3.27245
3.27245
3.27214
3.27276
3.27245
3.27184
3.27184
3.27214
3.27245
3.27214
3.27214
3.27214
3.27214
3.27184
3.27184
3.27214
3.27184
3.27214
3.27184
3.27184
3.27153
3.27153
3.27184
3.27184
3.27153
3.27153
3.27153
3.27153
3.27184
3.27184
3.27153
3.27123
3.27153
3.27123
3.27123
3.27153
3.27123
3.27123
3.27153
3.27153
3.27153
3.27123
3.27123
3.27123
3.27123
3.27092
3.27123
3.27092
3.27092
3.27123
3.27123
3.27123
3.27092
3.27062
3.27092
3.27092
3.27092
3.27092
3.27092
3.27092
3.27092
3.27092
3.27062
3.27062
3.27092
3.27062
3.27092
3.27062
3.27062
3.27062
3.27031
3.27062
3.27062
3.27062
3.27062
3.27031
3.27031
3.27031
3.27031
3.27031
3.27001
3.27001
3.27031
3.27001
3.2697
3.27001
3.27001
3.27001
3.27031
3.2697
3.2697
3.27001
3.27001
3.2697
3.2697
3.2697
3.2697
3.2694
3.2694
3.2694
3.2694
3.2697
3.2694
3.2697
3.26909
3.2694
3.2694
3.2694
3.26909
3.26909
3.2694
3.26879
3.26909
3.26909
3.2694
3.26909
3.26909
3.26879
3.26848
3.26879
3.26879
3.26909
3.26879
3.26879
3.26879
3.26848
3.26879
3.26848
3.26879
3.26818
3.26848
3.26848
3.26848
3.26848
3.26818
3.26848
3.26848
3.26818
3.26848
3.26818
3.26818
3.26787
3.26818
3.26818
3.26787
3.26787
3.26787
3.26787
3.26787
3.26818
3.26787
3.26757
3.26787
3.26757
3.26757
3.26726
3.26757
3.26757
3.26757
3.26726
3.26757
3.26726
3.26726
3.26726
3.26696
3.26696
3.26726
3.26696
3.26665
3.26665
3.26665
3.26696
3.26665
3.26635
3.26604
3.26604
3.26635
3.26604
3.26574
3.26574
3.26513
3.26574
3.26543
3.26513
3.26513
3.26482
3.26482
3.26452
3.26421
3.26421
3.2636
3.2636
3.26268
3.26268
3.26268
3.26207
3.26207
3.26146
3.26146
3.26116
3.26055
3.26055
3.26024
3.25963
3.25963
3.25933
3.25872
3.25841
3.25902
3.25811
3.25811
3.25719
3.25719
3.25689
3.25689
3.25689
3.25628
3.25597
3.25597
3.25566
3.25505
3.25505
3.25444
3.25475
3.25414
3.25383
3.25353
3.25353
3.25322
3.25292
3.25231
3.25231
3.252
3.25139
3.25139
3.25109
3.25078
3.25048
3.25048
3.25017
3.24987
3.24895
3.24895
3.24865
3.24834
3.24804
3.24773
3.24743
3.24712
3.24681
3.2462
3.2459
3.24559
3.24529
3.24468
3.24468
3.24437
3.24346
3.24376
3.24315
3.24254
3.24254
3.24193
3.24193
3.24102
3.24102
3.24041
3.24041
3.2398
3.2398
3.23949
3.23888
3.23888
3.23827
3.23827
3.23796
3.23766
3.23735
3.23705
3.23674
3.23613
3.23644
3.23583
3.23552
3.23552
3.23522
3.23491
3.23491
3.234
3.234
3.23339
3.23339
3.23339
3.23278
3.23217
3.23186
3.23186
3.23156
3.23125
3.23064
3.23033
3.23003
3.22972
3.22881
3.22881
3.2282
3.22759
3.22728
3.22728
3.22637
3.22606
3.22576
3.22454
3.22423
3.22362
3.22301
3.22301
3.2221
3.22148
3.22087
3.22057
3.21965
3.21935
3.21843
3.21782
3.21721
3.2166
3.21599
3.21569
3.21538
3.21447
3.21355
3.21324
3.21294
3.21202
3.21172
3.21141
3.2108
3.2105
3.20989
3.20867
3.20836
3.20806
3.20745
3.20714
3.20684
3.20623
3.20592
3.20531
3.2047
3.20409
3.20348
3.20287
3.20256
3.20165
3.20134
3.20073
3.20012
3.19951
3.1989
3.19799
3.19738
3.19677
3.19585
3.19493
3.19432
3.19341
3.19249
3.19127
3.19066
3.18975
3.18883
3.18822
3.18761
3.18669
3.18608
3.18578
3.18486
3.18517
3.18425
3.18425
3.18395
3.18364
3.18334
3.18303
3.18303
3.18303
3.18273
3.18273
3.18242
3.18242
3.18273
3.18212
3.18212
3.18212
3.18212
3.18181
3.18151
3.1812
3.1812
3.18151
3.1812
3.1812
3.1809
3.1809
3.1809
3.1809
3.18059
3.1809
3.17998
3.18029
3.17998
3.17998
3.17967
3.17937
3.17937
3.17937
3.17937
3.17906
3.17906
3.17845
3.17845
3.17815
3.17815
3.17815
3.17784
3.17754
3.17754
3.17723
3.17693
3.17662
3.17693
3.17601
3.17601
3.17571
3.1754
3.1751
3.17449
3.17418
3.17388
3.17327
3.17296
3.17266
3.17235
3.17174
3.17082
3.17021
3.1693
3.16869
3.16747
3.16625
3.16503
3.1635
3.16136
3.15892
3.15648
3.15343
3.15099
3.14794
3.14488
3.14122
3.13817
3.1342
3.13115
3.12688
3.12322
3.11955
3.1162
3.11254
