% This Function stores Cell`s Charge and Discharge OCV and corresponding SOC
% OCV is in the range of usable voltage 
% This function distinguishes Charge and Discharge to apply corresponding OCV value

function Output = OCV_SOC_LUT_0_01C(Input, Case, Request)

DHG_OCV = [4.09216
4.09064
4.08972
4.08911
4.0885
4.08789
4.08728
4.08698
4.08667
4.08637
4.08576
4.08515
4.08453
4.08392
4.08362
4.08331
4.08301
4.0827
4.08179
4.08179
4.08148
4.08057
4.08057
4.08026
4.07996
4.07935
4.07935
4.07843
4.07813
4.07782
4.07752
4.07752
4.07691
4.0766
4.07568
4.07568
4.07507
4.07477
4.07446
4.07416
4.07355
4.07324
4.07324
4.07263
4.07233
4.07172
4.07172
4.0708
4.0705
4.07019
4.06958
4.06897
4.06836
4.06775
4.06775
4.06683
4.06683
4.06592
4.06592
4.06531
4.0647
4.06409
4.06378
4.06287
4.06256
4.06195
4.06134
4.06104
4.06012
4.05951
4.05859
4.05829
4.05768
4.05676
4.05646
4.05554
4.05524
4.05432
4.05371
4.05219
4.05219
4.05127
4.05035
4.04944
4.04883
4.04822
4.0473
4.04639
4.04578
4.04486
4.04395
4.04334
4.04211
4.0415
4.04089
4.03967
4.03906
4.03815
4.03723
4.03632
4.0351
4.03449
4.03357
4.03235
4.03174
4.03052
4.02991
4.02869
4.02777
4.02686
4.02625
4.02502
4.02411
4.0235
4.02228
4.02106
4.02014
4.01923
4.01801
4.01709
4.01617
4.01526
4.01373
4.01312
4.0119
4.01129
4.00977
4.00916
4.00793
4.00732
4.00641
4.00458
4.00397
4.00244
4.00183
4.00092
3.99969
3.99878
3.99756
3.99664
3.99573
3.99451
3.99329
3.99268
3.99145
3.99023
3.98901
3.9881
3.98718
3.98627
3.98474
3.98413
3.98322
3.98199
3.98077
3.97986
3.97894
3.97833
3.97711
3.9762
3.97528
3.97406
3.97314
3.97162
3.9707
3.96979
3.96887
3.96796
3.96674
3.96551
3.9646
3.96399
3.96338
3.96216
3.96094
3.96002
3.95911
3.95819
3.95758
3.95605
3.95514
3.95422
3.95331
3.953
3.95148
3.95056
3.94965
3.94873
3.94812
3.9469
3.94629
3.94507
3.94415
3.94324
3.94263
3.94202
3.9411
3.93988
3.93866
3.93835
3.93744
3.93652
3.93561
3.935
3.93378
3.93317
3.93225
3.93194
3.93042
3.9295
3.9292
3.92859
3.92737
3.92676
3.92584
3.92462
3.92401
3.9237
3.92248
3.92187
3.92126
3.92035
3.91943
3.91882
3.91821
3.9173
3.91669
3.91547
3.91485
3.91394
3.91363
3.91302
3.91211
3.9118
3.91089
3.90997
3.90906
3.90845
3.90753
3.90692
3.906
3.90539
3.90448
3.90356
3.90295
3.90265
3.90173
3.90082
3.90021
3.8996
3.89899
3.89807
3.89715
3.89654
3.89593
3.89502
3.89441
3.8938
3.89288
3.89197
3.89136
3.89044
3.88983
3.88891
3.8883
3.88769
3.88678
3.88617
3.88556
3.88464
3.88403
3.88373
3.88281
3.8822
3.88098
3.88067
3.87976
3.87915
3.87823
3.87793
3.87671
3.87579
3.87488
3.87427
3.87366
3.87274
3.87182
3.87121
3.8706
3.86969
3.86908
3.86816
3.86755
3.86664
3.86603
3.86481
3.86419
3.86328
3.86297
3.86145
3.86084
3.86023
3.85931
3.8587
3.85748
3.85687
3.85595
3.85534
3.85443
3.85382
3.8526
3.85229
3.85138
3.85016
3.84955
3.84833
3.84771
3.8471
3.84619
3.84527
3.84436
3.84344
3.84253
3.84192
3.841
3.83978
3.83917
3.83856
3.83734
3.83642
3.83551
3.83459
3.83398
3.83307
3.83215
3.83093
3.83032
3.8291
3.82818
3.82727
3.82666
3.82574
3.82452
3.82391
3.8233
3.82238
3.82055
3.82025
3.81903
3.81811
3.8175
3.81628
3.81537
3.81445
3.81384
3.81201
3.81109
3.81018
3.80926
3.80835
3.80743
3.80652
3.80529
3.80407
3.80285
3.80224
3.80072
3.80011
3.79858
3.79797
3.79583
3.79461
3.7937
3.79248
3.79156
3.79034
3.78882
3.7879
3.78607
3.78515
3.78393
3.78271
3.78088
3.77935
3.77783
3.77661
3.77478
3.77325
3.77203
3.77081
3.76898
3.76776
3.76623
3.7644
3.76257
3.76104
3.75952
3.7583
3.75647
3.75525
3.75372
3.75189
3.75006
3.74884
3.74731
3.74578
3.74395
3.74243
3.74121
3.73968
3.73846
3.73724
3.73602
3.73419
3.73297
3.73114
3.73053
3.7293
3.72839
3.72717
3.72564
3.72473
3.72351
3.72259
3.72137
3.72045
3.71923
3.71801
3.71679
3.71557
3.71466
3.71374
3.71252
3.71191
3.71069
3.70977
3.70886
3.70764
3.70672
3.70581
3.7052
3.70428
3.70336
3.70245
3.70123
3.70031
3.6997
3.69879
3.69787
3.69726
3.69604
3.69543
3.69482
3.6939
3.69299
3.69207
3.69116
3.69055
3.68994
3.68902
3.6878
3.68719
3.68658
3.68597
3.68444
3.68414
3.68322
3.68261
3.6817
3.68078
3.68017
3.67987
3.67864
3.67803
3.67742
3.67651
3.67559
3.67498
3.67437
3.67376
3.67285
3.67224
3.67132
3.67071
3.6701
3.66949
3.66857
3.66796
3.66735
3.66644
3.66583
3.66522
3.66461
3.664
3.66339
3.66278
3.66217
3.66155
3.66064
3.66003
3.65972
3.65881
3.6582
3.65789
3.65698
3.65637
3.65576
3.65545
3.65454
3.65423
3.65332
3.6527
3.6524
3.65148
3.65087
3.65057
3.64965
3.64935
3.64843
3.64813
3.64752
3.64782
3.6466
3.6463
3.64569
3.64508
3.64446
3.64385
3.64324
3.64263
3.64263
3.64141
3.64141
3.6408
3.64019
3.63958
3.63928
3.63897
3.63836
3.63745
3.63684
3.63592
3.63561
3.63531
3.6347
3.63409
3.63409
3.63317
3.63256
3.63195
3.63165
3.63165
3.63073
3.63043
3.63012
3.62951
3.62921
3.6286
3.62799
3.62737
3.62707
3.62646
3.62615
3.62585
3.62524
3.62493
3.62432
3.62402
3.62341
3.6231
3.6228
3.62188
3.62097
3.62097
3.62036
3.61975
3.61913
3.61944
3.61852
3.61822
3.61791
3.6173
3.61669
3.61639
3.61578
3.61517
3.61486
3.61425
3.61395
3.61364
3.61303
3.61242
3.61242
3.61151
3.6112
3.61089
3.61028
3.61028
3.60937
3.60876
3.60876
3.60815
3.60754
3.60693
3.60662
3.60601
3.6051
3.60479
3.60449
3.60388
3.60357
3.60327
3.60235
3.60235
3.60143
3.60082
3.60052
3.60021
3.60021
3.5993
3.5993
3.59869
3.59808
3.59747
3.59716
3.59655
3.59625
3.59564
3.59503
3.59472
3.59442
3.59411
3.5935
3.59319
3.59289
3.59197
3.59167
3.59075
3.59075
3.59014
3.58984
3.58923
3.58862
3.58801
3.58801
3.58709
3.58679
3.58648
3.58587
3.58556
3.58465
3.58465
3.58404
3.58343
3.58312
3.58251
3.5819
3.58099
3.58038
3.58007
3.57977
3.57946
3.57885
3.57794
3.57733
3.57733
3.57671
3.5761
3.57519
3.57519
3.57458
3.57336
3.57275
3.57214
3.57122
3.57092
3.57031
3.57
3.56909
3.56878
3.56756
3.56695
3.56603
3.56542
3.56512
3.56451
3.56359
3.56268
3.56207
3.56146
3.56085
3.55993
3.55993
3.55901
3.5581
3.55718
3.55657
3.55566
3.55535
3.55474
3.55383
3.55322
3.5523
3.55169
3.55077
3.55016
3.54955
3.54894
3.54803
3.54772
3.54681
3.5462
3.54528
3.54467
3.54406
3.54284
3.54223
3.54162
3.5407
3.53979
3.53918
3.53857
3.53765
3.53674
3.53582
3.53521
3.53429
3.53368
3.53277
3.53155
3.53094
3.53002
3.52941
3.5288
3.52789
3.52697
3.52575
3.52483
3.52392
3.523
3.52178
3.52117
3.52056
3.51995
3.51843
3.51751
3.5169
3.51598
3.51476
3.51446
3.51354
3.51263
3.51141
3.5108
3.50988
3.50896
3.50774
3.50652
3.50622
3.5053
3.50408
3.50347
3.50256
3.50195
3.50072
3.49981
3.49889
3.49798
3.49676
3.49584
3.49523
3.49432
3.49279
3.49187
3.49096
3.49035
3.48913
3.4876
3.48669
3.48577
3.48455
3.48363
3.48211
3.48119
3.48028
3.47875
3.47723
3.47601
3.47478
3.47356
3.47204
3.47082
3.4696
3.46807
3.46685
3.46532
3.4641
3.46258
3.46105
3.45922
3.458
3.45678
3.45525
3.45464
3.45312
3.45129
3.45037
3.44884
3.44732
3.4461
3.44457
3.44335
3.44152
3.4403
3.43908
3.43725
3.43542
3.43481
3.43297
3.43145
3.42992
3.4284
3.42687
3.42565
3.42412
3.4226
3.42138
3.41985
3.41863
3.41711
3.41619
3.41466
3.41375
3.41253
3.41131
3.41039
3.40917
3.40856
3.40734
3.40642
3.40581
3.4052
3.40459
3.40337
3.40246
3.40215
3.40124
3.40063
3.40002
3.3991
3.39849
3.39757
3.39666
3.39605
3.39483
3.39452
3.39391
3.393
3.39239
3.39147
3.39117
3.39055
3.38964
3.38903
3.38811
3.3872
3.38659
3.38598
3.38537
3.38506
3.38415
3.38354
3.38231
3.3814
3.38109
3.38018
3.37926
3.37896
3.37774
3.37713
3.37652
3.3756
3.37469
3.37407
3.37316
3.37255
3.37224
3.37133
3.37011
3.3698
3.36889
3.36828
3.36706
3.36645
3.36492
3.364
3.3637
3.36278
3.36187
3.36065
3.36004
3.35912
3.3579
3.35637
3.35576
3.35424
3.35332
3.3518
3.35027
3.34874
3.34691
3.34539
3.34325
3.34142
3.33898
3.33654
3.33379
3.33043
3.32738
3.32341
3.32036
3.31609
3.31151
3.30785
3.30358
3.2987
3.29473
3.29015
3.28527
3.28099
3.27581
3.27092
3.26543
3.26055
3.25505
3.24987
3.24468
3.23888
3.23308
3.22728
3.22118
3.21538
3.20897
3.20256
3.19585
3.18944
3.18273
3.17571
3.16838
3.16136
3.15343
3.14641
3.13787
3.13024
3.122
3.11315
3.1043
3.09575
3.08598
3.07591
3.06615
3.05577
3.04479
3.03319
3.02159
3.00938
2.99657
2.98375
2.96971
2.95506
2.9398
2.92363
2.90715
2.88914
2.86961
2.84825
2.82414
2.79545
2.76219
